1701377413888765 2 3
1701373196486471 2 2
1701379347132083 2 0
1701350735544409 0 0
1701350735545085 2 2
1701348656287483 2 2
1701350735542417 2 2
1701379463682115 2 0
1701380134212495 2 0
1701340318782178 2 2
1701350735542849 2 2
1701373727221284 2 2
1701378039938502 2 3
1701377906373363 2 3
1701349070829121 2 2
1701375832578627 2 0
1701379555289886 2 0
1701380384770128 2 0
1701373550402130 2 2
1701377621889001 2 0
1701375907373301 2 0
1701377563252315 2 2
1701374506943040 2 0
1701375518618142 2 0
1701351203234062 2 2
1701379412193240 2 0
1701348937135007 2 1
1701379326385604 2 0
1701377140137867 2 3
1701375046927746 2 0
1701350735543211 2 2
1701375158098968 2 0
1701377992072029 2 3
1701350735545272 2 2
1701379139526282 2 0
1701380301350643 2 0
1701380438182968 2 0
1701379091525846 2 0
1701376968151659 2 3
1701377545619823 2 3
1701379261269082 2 0
1701350735547771 2 2
1701376563254254 2 3
1701375699684552 2 0
1701347561518707 2 2
1701350735539938 2 2
1701377451987198 2 3
1701380853445473 2 3
1701351198842345 2 2
1701350735544705 2 2
1701373993532502 2 0
1701375292255741 2 0
1701376433441824 2 0
1701349034656641 2 1
1701349073215759 2 2
1701350735541644 2 2
1701379445437067 2 0
